llh:
  training: -740.8365268083237
  validation: -271.75114583603334