llh:
  training: -118.34924348758996
  validation: -30.39590464896155